-4	-4	-4	0.5242467439924746
-4	-4	-3	-0.3736757593753208
-4	-4	-2	-1.1418531781411352
-4	-4	-1	-1.07402673612335
-4	-4	0	-0.23255575131545358
-4	-4	1	0.6089152334924429
-4	-4	2	0.6767416755102281
-4	-4	3	-0.09143574325558634
-4	-4	4	-0.9893582466233817
-4	-4	5	-1.191480025978592
-4	-3	-4	0.8566183918970673
-4	-3	-3	-0.0413041114707281
-4	-3	-2	-0.8094815302365426
-4	-3	-1	-0.7416550882187574
-4	-3	0	0.09981589658913914
-4	-3	1	0.9412868813970356
-4	-3	2	1.0091133234148209
-4	-3	3	0.24093590464900638
-4	-3	4	-0.6569865987187891
-4	-3	5	-0.8591083780739994
-4	-2	-4	1.7930204888147823
-4	-2	-3	0.8950979854469868
-4	-2	-2	0.12692056668117235
-4	-2	-1	0.19474700869895756
-4	-2	0	1.036217993506854
-4	-2	1	1.8776889783147506
-4	-2	2	1.9455154203325358
-4	-2	3	1.1773380015667212
-4	-2	4	0.27941549819892586
-4	-2	5	0.07729371884371561
-4	-1	-4	2.472529265278995
-4	-1	-3	1.5746067619111994
-4	-1	-2	0.806429343145385
-4	-1	-1	0.8742557851631702
-4	-1	0	1.7157267699710665
-4	-1	1	2.5571977547789633
-4	-1	2	2.6250241967967485
-4	-1	3	1.856846778030934
-4	-1	4	0.9589242746631385
-4	-1	5	0.7568024953079282
-4	0	-4	2.2704074859237844
-4	0	-3	1.372484982555989
-4	0	-2	0.6043075637901747
-4	0	-1	0.6721340058079599
-4	0	0	1.5136049906158564
-4	0	1	2.3550759754237527
-4	0	2	2.422902417441538
-4	0	3	1.6547249986757238
-4	0	4	0.7568024953079282
-4	0	5	0.554680715952718
-4	1	-4	1.372484982555989
-4	1	-3	0.4745624791881938
-4	1	-2	-0.29361493957762064
-4	1	-1	-0.22578849755983554
-4	1	0	0.615682487248061
-4	1	1	1.4571534720559574
-4	1	2	1.5249799140737426
-4	1	3	0.7568024953079282
-4	1	4	-0.14112000805986724
-4	1	5	-0.3432417874150775
-4	2	-4	0.6043075637901747
-4	2	-3	-0.29361493957762064
-4	2	-2	-1.0617923583434352
-4	2	-1	-0.99396591632565
-4	2	0	-0.1524949315177535
-4	2	1	0.688976053290143
-4	2	2	0.7568024953079282
-4	2	3	-0.011374923457886266
-4	2	4	-0.9092974268256817
-4	2	5	-1.1114192061808918
-4	3	-4	0.6721340058079599
-4	3	-3	-0.22578849755983554
-4	3	-2	-0.99396591632565
-4	3	-1	-0.9261394743078648
-4	3	0	-0.0846684894999683
-4	3	1	0.7568024953079282
-4	3	2	0.8246289373257134
-4	3	3	0.05645151855989894
-4	3	4	-0.8414709848078965
-4	3	5	-1.0435927641631066
-4	4	-4	1.5136049906158564
-4	4	-3	0.615682487248061
-4	4	-2	-0.1524949315177535
-4	4	-1	-0.0846684894999683
-4	4	0	0.7568024953079282
-4	4	1	1.5982734801158247
-4	4	2	1.66609992213361
-4	4	3	0.8979225033677954
-4	4	4	0.0
-4	4	5	-0.20212177935521025
-4	5	-4	2.3550759754237527
-4	5	-3	1.4571534720559574
-4	5	-2	0.688976053290143
-4	5	-1	0.7568024953079282
-4	5	0	1.5982734801158247
-4	5	1	2.439744464923721
-4	5	2	2.507570906941506
-4	5	3	1.739393488175692
-4	5	4	0.8414709848078965
-4	5	5	0.6393492054526863
-3	-4	-4	-0.04130411147072807
-3	-4	-3	-0.9392266148385235
-3	-4	-2	-1.707404033604338
-3	-4	-1	-1.6395775915865527
-3	-4	0	-0.7981066067786563
-3	-4	1	0.04336437802924023
-3	-4	2	0.11119082004702543
-3	-4	3	-0.6569865987187891
-3	-4	4	-1.5549091020865844
-3	-4	5	-1.7570308814417948
-3	-3	-4	0.8950979854469868
-3	-3	-3	-0.002824517920808567
-3	-3	-2	-0.7710019366866231
-3	-3	-1	-0.7031754946688379
-3	-3	0	0.13829549013905865
-3	-3	1	0.9797664749469551
-3	-3	2	1.0475929169647404
-3	-3	3	0.27941549819892586
-3	-3	4	-0.6185070051688696
-3	-3	5	-0.8206287845240798
-3	-2	-4	1.5746067619111994
-3	-2	-3	0.676684258543404
-3	-2	-2	-0.09149316022241047
-3	-2	-1	-0.023666718204625264
-3	-2	0	0.8178042666032712
-3	-2	1	1.6592752514111677
-3	-2	2	1.727101693428953
-3	-2	3	0.9589242746631385
-3	-2	4	0.06100177129534304
-3	-2	5	-0.1411200080598672
-3	-1	-4	1.3724849825559893
-3	-1	-3	0.4745624791881937
-3	-1	-2	-0.29361493957762075
-3	-1	-1	-0.22578849755983552
-3	-1	0	0.615682487248061
-3	-1	1	1.4571534720559576
-3	-1	2	1.5249799140737428
-3	-1	3	0.7568024953079282
-3	-1	4	-0.1411200080598672
-3	-1	5	-0.3432417874150775
-3	0	-4	0.4745624791881937
-3	0	-3	-0.4233600241796016
-3	0	-2	-1.191537442945416
-3	0	-1	-1.123711000927631
-3	0	0	-0.2822400161197344
-3	0	1	0.559230968688162
-3	0	2	0.6270574107059472
-3	0	3	-0.1411200080598672
-3	0	4	-1.0390425114276627
-3	0	5	-1.2411642907828728
-3	1	-4	-0.29361493957762075
-3	1	-3	-1.191537442945416
-3	1	-2	-1.9597148617112305
-3	1	-1	-1.8918884196934453
-3	1	0	-1.0504174348855488
-3	1	1	-0.20894645007765242
-3	1	2	-0.1411200080598672
-3	1	3	-0.9092974268256817
-3	1	4	-1.807219930193477
-3	1	5	-2.0093417095486874
-3	2	-4	-0.22578849755983552
-3	2	-3	-1.123711000927631
-3	2	-2	-1.8918884196934453
-3	2	-1	-1.8240619776756601
-3	2	0	-0.9825909928677637
-3	2	1	-0.1411200080598672
-3	2	2	-0.07329356604208201
-3	2	3	-0.8414709848078965
-3	2	4	-1.7393934881756918
-3	2	5	-1.941515267530902
-3	3	-4	0.615682487248061
-3	3	-3	-0.2822400161197344
-3	3	-2	-1.0504174348855488
-3	3	-1	-0.9825909928677637
-3	3	0	-0.1411200080598672
-3	3	1	0.7003509767480293
-3	3	2	0.7681774187658145
-3	3	3	0.0
-3	3	4	-0.8979225033677954
-3	3	5	-1.1000442827230057
-3	4	-4	1.4571534720559576
-3	4	-3	0.559230968688162
-3	4	-2	-0.20894645007765242
-3	4	-1	-0.1411200080598672
-3	4	0	0.7003509767480293
-3	4	1	1.5418219615559259
-3	4	2	1.609648403573711
-3	4	3	0.8414709848078965
-3	4	4	-0.05645151855989891
-3	4	5	-0.2585732979151092
-3	5	-4	1.5249799140737428
-3	5	-3	0.6270574107059472
-3	5	-2	-0.1411200080598672
-3	5	-1	-0.07329356604208201
-3	5	0	0.7681774187658145
-3	5	1	1.609648403573711
-3	5	2	1.6774748455914963
-3	5	3	0.9092974268256816
-3	5	4	0.011374923457886293
-3	5	5	-0.19074685589732396
-2	-4	-4	0.12692056668117235
-2	-4	-3	-0.7710019366866231
-2	-4	-2	-1.5391793554524376
-2	-4	-1	-1.4713529134346524
-2	-4	0	-0.6298819286267558
-2	-4	1	0.21158905618114066
-2	-4	2	0.27941549819892586
-2	-4	3	-0.4887619205668886
-2	-4	4	-1.386684423934684
-2	-4	5	-1.5888062032898942
-2	-3	-4	0.8064293431453848
-2	-3	-3	-0.0914931602224105
-2	-3	-2	-0.859670578988225
-2	-3	-1	-0.7918441369704398
-2	-3	0	0.049626847837456745
-2	-3	1	0.8910978326453531
-2	-3	2	0.9589242746631383
-2	-3	3	0.19074685589732399
-2	-3	4	-0.7071756474704715
-2	-3	5	-0.9092974268256817
-2	-2	-4	0.6043075637901747
-2	-2	-3	-0.29361493957762075
-2	-2	-2	-1.0617923583434352
-2	-2	-1	-0.99396591632565
-2	-2	0	-0.1524949315177535
-2	-2	1	0.688976053290143
-2	-2	2	0.7568024953079282
-2	-2	3	-0.011374923457886266
-2	-2	4	-0.9092974268256817
-2	-2	5	-1.111419206180892
-2	-1	-4	-0.29361493957762075
-2	-1	-3	-1.1915374429454162
-2	-1	-2	-1.9597148617112305
-2	-1	-1	-1.8918884196934456
-2	-1	0	-1.0504174348855488
-2	-1	1	-0.20894645007765245
-2	-1	2	-0.14112000805986724
-2	-1	3	-0.9092974268256817
-2	-1	4	-1.8072199301934773
-2	-1	5	-2.0093417095486874
-2	0	-4	-1.0617923583434352
-2	0	-3	-1.9597148617112305
-2	0	-2	-2.727892280477045
-2	0	-1	-2.6600658384592597
-2	0	0	-1.8185948536513634
-2	0	1	-0.9771238688434669
-2	0	2	-0.9092974268256817
-2	0	3	-1.677474845591496
-2	0	4	-2.5753973489592914
-2	0	5	-2.777519128314502
-2	1	-4	-0.99396591632565
-2	1	-3	-1.8918884196934456
-2	1	-2	-2.6600658384592597
-2	1	-1	-2.5922393964414745
-2	1	0	-1.7507684116335782
-2	1	1	-0.9092974268256817
-2	1	2	-0.8414709848078965
-2	1	3	-1.6096484035737109
-2	1	4	-2.507570906941506
-2	1	5	-2.709692686296717
-2	2	-4	-0.1524949315177535
-2	2	-3	-1.0504174348855488
-2	2	-2	-1.8185948536513634
-2	2	-1	-1.7507684116335782
-2	2	0	-0.9092974268256817
-2	2	1	-0.0678264420177852
-2	2	2	0.0
-2	2	3	-0.7681774187658145
-2	2	4	-1.66609992213361
-2	2	5	-1.86822170148882
-2	3	-4	0.688976053290143
-2	3	-3	-0.20894645007765245
-2	3	-2	-0.9771238688434669
-2	3	-1	-0.9092974268256817
-2	3	0	-0.0678264420177852
-2	3	1	0.7736445427901113
-2	3	2	0.8414709848078965
-2	3	3	0.07329356604208204
-2	3	4	-0.8246289373257134
-2	3	5	-1.0267507166809238
-2	4	-4	0.7568024953079282
-2	4	-3	-0.14112000805986724
-2	4	-2	-0.9092974268256817
-2	4	-1	-0.8414709848078965
-2	4	0	0.0
-2	4	1	0.8414709848078965
-2	4	2	0.9092974268256817
-2	4	3	0.14112000805986713
-2	4	4	-0.7568024953079282
-2	4	5	-0.9589242746631385
-2	5	-4	-0.011374923457886266
-2	5	-3	-0.9092974268256817
-2	5	-2	-1.677474845591496
-2	5	-1	-1.6096484035737109
-2	5	0	-0.7681774187658145
-2	5	1	0.07329356604208204
-2	5	2	0.14112000805986713
-2	5	3	-0.6270574107059472
-2	5	4	-1.5249799140737426
-2	5	5	-1.727101693428953
-1	-4	-4	0.87425578516317
-1	-4	-3	-0.023666718204625292
-1	-4	-2	-0.7918441369704398
-1	-4	-1	-0.7240176949526546
-1	-4	0	0.11745328985524195
-1	-4	1	0.9589242746631383
-1	-4	2	1.0267507166809235
-1	-4	3	0.2585732979151092
-1	-4	4	-0.6393492054526863
-1	-4	5	-0.8414709848078965
-1	-3	-4	0.6721340058079599
-1	-3	-3	-0.22578849755983554
-1	-3	-2	-0.99396591632565
-1	-3	-1	-0.9261394743078648
-1	-3	0	-0.0846684894999683
-1	-3	1	0.7568024953079282
-1	-3	2	0.8246289373257134
-1	-3	3	0.05645151855989894
-1	-3	4	-0.8414709848078965
-1	-3	5	-1.0435927641631069
-1	-2	-4	-0.22578849755983554
-1	-2	-3	-1.123711000927631
-1	-2	-2	-1.8918884196934453
-1	-2	-1	-1.8240619776756604
-1	-2	0	-0.9825909928677637
-1	-2	1	-0.14112000805986724
-1	-2	2	-0.07329356604208204
-1	-2	3	-0.8414709848078965
-1	-2	4	-1.739393488175692
-1	-2	5	-1.9415152675309022
-1	-1	-4	-0.99396591632565
-1	-1	-3	-1.8918884196934453
-1	-1	-2	-2.6600658384592597
-1	-1	-1	-2.5922393964414745
-1	-1	0	-1.7507684116335782
-1	-1	1	-0.9092974268256817
-1	-1	2	-0.8414709848078965
-1	-1	3	-1.6096484035737109
-1	-1	4	-2.507570906941506
-1	-1	5	-2.709692686296717
-1	0	-4	-0.9261394743078648
-1	0	-3	-1.8240619776756604
-1	0	-2	-2.5922393964414745
-1	0	-1	-2.5244129544236893
-1	0	0	-1.682941969615793
-1	0	1	-0.8414709848078965
-1	0	2	-0.7736445427901113
-1	0	3	-1.5418219615559257
-1	0	4	-2.439744464923721
-1	0	5	-2.6418662442789316
-1	1	-4	-0.0846684894999683
-1	1	-3	-0.9825909928677637
-1	1	-2	-1.7507684116335782
-1	1	-1	-1.682941969615793
-1	1	0	-0.8414709848078965
-1	1	1	0.0
-1	1	2	0.0678264420177852
-1	1	3	-0.7003509767480293
-1	1	4	-1.5982734801158247
-1	1	5	-1.8003952594710348
-1	2	-4	0.7568024953079282
-1	2	-3	-0.14112000805986724
-1	2	-2	-0.9092974268256817
-1	2	-1	-0.8414709848078965
-1	2	0	0.0
-1	2	1	0.8414709848078965
-1	2	2	0.9092974268256817
-1	2	3	0.14112000805986724
-1	2	4	-0.7568024953079282
-1	2	5	-0.9589242746631385
-1	3	-4	0.8246289373257134
-1	3	-3	-0.07329356604208204
-1	3	-2	-0.8414709848078965
-1	3	-1	-0.7736445427901113
-1	3	0	0.0678264420177852
-1	3	1	0.9092974268256817
-1	3	2	0.9771238688434669
-1	3	3	0.20894645007765233
-1	3	4	-0.688976053290143
-1	3	5	-0.8910978326453532
-1	4	-4	0.05645151855989894
-1	4	-3	-0.8414709848078965
-1	4	-2	-1.6096484035737109
-1	4	-1	-1.5418219615559257
-1	4	0	-0.7003509767480293
-1	4	1	0.14112000805986724
-1	4	2	0.20894645007765233
-1	4	3	-0.559230968688162
-1	4	4	-1.4571534720559574
-1	4	5	-1.6592752514111677
-1	5	-4	-0.8414709848078965
-1	5	-3	-1.739393488175692
-1	5	-2	-2.507570906941506
-1	5	-1	-2.439744464923721
-1	5	0	-1.5982734801158247
-1	5	1	-0.7568024953079282
-1	5	2	-0.688976053290143
-1	5	3	-1.4571534720559574
-1	5	4	-2.3550759754237527
-1	5	5	-2.5571977547789633
0	-4	-4	1.5136049906158564
0	-4	-3	0.615682487248061
0	-4	-2	-0.1524949315177535
0	-4	-1	-0.0846684894999683
0	-4	0	0.7568024953079282
0	-4	1	1.5982734801158247
0	-4	2	1.66609992213361
0	-4	3	0.8979225033677954
0	-4	4	0.0
0	-4	5	-0.20212177935521025
0	-3	-4	0.615682487248061
0	-3	-3	-0.2822400161197344
0	-3	-2	-1.0504174348855488
0	-3	-1	-0.9825909928677637
0	-3	0	-0.1411200080598672
0	-3	1	0.7003509767480293
0	-3	2	0.7681774187658145
0	-3	3	0.0
0	-3	4	-0.8979225033677954
0	-3	5	-1.1000442827230057
0	-2	-4	-0.1524949315177535
0	-2	-3	-1.0504174348855488
0	-2	-2	-1.8185948536513634
0	-2	-1	-1.7507684116335782
0	-2	0	-0.9092974268256817
0	-2	1	-0.0678264420177852
0	-2	2	0.0
0	-2	3	-0.7681774187658145
0	-2	4	-1.66609992213361
0	-2	5	-1.86822170148882
0	-1	-4	-0.0846684894999683
0	-1	-3	-0.9825909928677637
0	-1	-2	-1.7507684116335782
0	-1	-1	-1.682941969615793
0	-1	0	-0.8414709848078965
0	-1	1	0.0
0	-1	2	0.0678264420177852
0	-1	3	-0.7003509767480293
0	-1	4	-1.5982734801158247
0	-1	5	-1.8003952594710348
0	0	-4	0.7568024953079282
0	0	-3	-0.1411200080598672
0	0	-2	-0.9092974268256817
0	0	-1	-0.8414709848078965
0	0	0	0.0
0	0	1	0.8414709848078965
0	0	2	0.9092974268256817
0	0	3	0.1411200080598672
0	0	4	-0.7568024953079282
0	0	5	-0.9589242746631385
0	1	-4	1.5982734801158247
0	1	-3	0.7003509767480293
0	1	-2	-0.0678264420177852
0	1	-1	0.0
0	1	0	0.8414709848078965
0	1	1	1.682941969615793
0	1	2	1.7507684116335782
0	1	3	0.9825909928677637
0	1	4	0.0846684894999683
0	1	5	-0.11745328985524195
0	2	-4	1.66609992213361
0	2	-3	0.7681774187658145
0	2	-2	0.0
0	2	-1	0.0678264420177852
0	2	0	0.9092974268256817
0	2	1	1.7507684116335782
0	2	2	1.8185948536513634
0	2	3	1.0504174348855488
0	2	4	0.1524949315177535
0	2	5	-0.049626847837456745
0	3	-4	0.8979225033677954
0	3	-3	0.0
0	3	-2	-0.7681774187658145
0	3	-1	-0.7003509767480293
0	3	0	0.1411200080598672
0	3	1	0.9825909928677637
0	3	2	1.0504174348855488
0	3	3	0.2822400161197344
0	3	4	-0.615682487248061
0	3	5	-0.8178042666032712
0	4	-4	0.0
0	4	-3	-0.8979225033677954
0	4	-2	-1.66609992213361
0	4	-1	-1.5982734801158247
0	4	0	-0.7568024953079282
0	4	1	0.0846684894999683
0	4	2	0.1524949315177535
0	4	3	-0.615682487248061
0	4	4	-1.5136049906158564
0	4	5	-1.7157267699710665
0	5	-4	-0.20212177935521025
0	5	-3	-1.1000442827230057
0	5	-2	-1.86822170148882
0	5	-1	-1.8003952594710348
0	5	0	-0.9589242746631385
0	5	1	-0.11745328985524195
0	5	2	-0.049626847837456745
0	5	3	-0.8178042666032712
0	5	4	-1.7157267699710665
0	5	5	-1.917848549326277
1	-4	-4	1.4571534720559574
1	-4	-3	0.559230968688162
1	-4	-2	-0.20894645007765233
1	-4	-1	-0.14112000805986724
1	-4	0	0.7003509767480293
1	-4	1	1.5418219615559257
1	-4	2	1.6096484035737109
1	-4	3	0.8414709848078965
1	-4	4	-0.05645151855989894
1	-4	5	-0.2585732979151092
1	-3	-4	0.688976053290143
1	-3	-3	-0.20894645007765233
1	-3	-2	-0.9771238688434669
1	-3	-1	-0.9092974268256817
1	-3	0	-0.0678264420177852
1	-3	1	0.7736445427901113
1	-3	2	0.8414709848078965
1	-3	3	0.07329356604208204
1	-3	4	-0.8246289373257134
1	-3	5	-1.0267507166809235
1	-2	-4	0.7568024953079282
1	-2	-3	-0.14112000805986724
1	-2	-2	-0.9092974268256817
1	-2	-1	-0.8414709848078965
1	-2	0	0.0
1	-2	1	0.8414709848078965
1	-2	2	0.9092974268256817
1	-2	3	0.14112000805986724
1	-2	4	-0.7568024953079282
1	-2	5	-0.9589242746631383
1	-1	-4	1.5982734801158247
1	-1	-3	0.7003509767480293
1	-1	-2	-0.0678264420177852
1	-1	-1	0.0
1	-1	0	0.8414709848078965
1	-1	1	1.682941969615793
1	-1	2	1.7507684116335782
1	-1	3	0.9825909928677637
1	-1	4	0.0846684894999683
1	-1	5	-0.11745328985524195
1	0	-4	2.439744464923721
1	0	-3	1.5418219615559257
1	0	-2	0.7736445427901113
1	0	-1	0.8414709848078965
1	0	0	1.682941969615793
1	0	1	2.5244129544236893
1	0	2	2.5922393964414745
1	0	3	1.8240619776756604
1	0	4	0.9261394743078648
1	0	5	0.7240176949526546
1	1	-4	2.507570906941506
1	1	-3	1.6096484035737109
1	1	-2	0.8414709848078965
1	1	-1	0.9092974268256817
1	1	0	1.7507684116335782
1	1	1	2.5922393964414745
1	1	2	2.6600658384592597
1	1	3	1.8918884196934453
1	1	4	0.99396591632565
1	1	5	0.7918441369704398
1	2	-4	1.739393488175692
1	2	-3	0.8414709848078965
1	2	-2	0.07329356604208204
1	2	-1	0.14112000805986724
1	2	0	0.9825909928677637
1	2	1	1.8240619776756604
1	2	2	1.8918884196934453
1	2	3	1.123711000927631
1	2	4	0.22578849755983554
1	2	5	0.023666718204625292
1	3	-4	0.8414709848078965
1	3	-3	-0.05645151855989894
1	3	-2	-0.8246289373257134
1	3	-1	-0.7568024953079282
1	3	0	0.0846684894999683
1	3	1	0.9261394743078648
1	3	2	0.99396591632565
1	3	3	0.22578849755983554
1	3	4	-0.6721340058079599
1	3	5	-0.87425578516317
1	4	-4	0.6393492054526863
1	4	-3	-0.2585732979151092
1	4	-2	-1.0267507166809235
1	4	-1	-0.9589242746631383
1	4	0	-0.11745328985524195
1	4	1	0.7240176949526546
1	4	2	0.7918441369704398
1	4	3	0.023666718204625292
1	4	4	-0.87425578516317
1	4	5	-1.0763775645183804
1	5	-4	1.3188579819168988
1	5	-3	0.4209354785491034
1	5	-2	-0.34724194021671106
1	5	-1	-0.27941549819892586
1	5	0	0.5620554866089706
1	5	1	1.4035264714168671
1	5	2	1.4713529134346524
1	5	3	0.7031754946688379
1	5	4	-0.19474700869895756
1	5	5	-0.3968687880541679
2	-4	-4	0.7568024953079282
2	-4	-3	-0.14112000805986713
2	-4	-2	-0.9092974268256817
2	-4	-1	-0.8414709848078965
2	-4	0	0.0
2	-4	1	0.8414709848078965
2	-4	2	0.9092974268256817
2	-4	3	0.14112000805986724
2	-4	4	-0.7568024953079282
2	-4	5	-0.9589242746631383
2	-3	-4	0.8246289373257134
2	-3	-3	-0.07329356604208204
2	-3	-2	-0.8414709848078965
2	-3	-1	-0.7736445427901113
2	-3	0	0.0678264420177852
2	-3	1	0.9092974268256817
2	-3	2	0.9771238688434669
2	-3	3	0.20894645007765245
2	-3	4	-0.688976053290143
2	-3	5	-0.8910978326453531
2	-2	-4	1.66609992213361
2	-2	-3	0.7681774187658145
2	-2	-2	0.0
2	-2	-1	0.0678264420177852
2	-2	0	0.9092974268256817
2	-2	1	1.7507684116335782
2	-2	2	1.8185948536513634
2	-2	3	1.0504174348855488
2	-2	4	0.1524949315177535
2	-2	5	-0.049626847837456745
2	-1	-4	2.507570906941506
2	-1	-3	1.6096484035737109
2	-1	-2	0.8414709848078965
2	-1	-1	0.9092974268256817
2	-1	0	1.7507684116335782
2	-1	1	2.5922393964414745
2	-1	2	2.6600658384592597
2	-1	3	1.8918884196934456
2	-1	4	0.99396591632565
2	-1	5	0.7918441369704398
2	0	-4	2.5753973489592914
2	0	-3	1.677474845591496
2	0	-2	0.9092974268256817
2	0	-1	0.9771238688434669
2	0	0	1.8185948536513634
2	0	1	2.6600658384592597
2	0	2	2.727892280477045
2	0	3	1.9597148617112305
2	0	4	1.0617923583434352
2	0	5	0.859670578988225
2	1	-4	1.8072199301934773
2	1	-3	0.9092974268256817
2	1	-2	0.14112000805986724
2	1	-1	0.20894645007765245
2	1	0	1.0504174348855488
2	1	1	1.8918884196934456
2	1	2	1.9597148617112305
2	1	3	1.1915374429454162
2	1	4	0.29361493957762075
2	1	5	0.0914931602224105
2	2	-4	0.9092974268256817
2	2	-3	0.011374923457886266
2	2	-2	-0.7568024953079282
2	2	-1	-0.688976053290143
2	2	0	0.1524949315177535
2	2	1	0.99396591632565
2	2	2	1.0617923583434352
2	2	3	0.29361493957762075
2	2	4	-0.6043075637901747
2	2	5	-0.8064293431453848
2	3	-4	0.7071756474704715
2	3	-3	-0.19074685589732399
2	3	-2	-0.9589242746631383
2	3	-1	-0.8910978326453531
2	3	0	-0.049626847837456745
2	3	1	0.7918441369704398
2	3	2	0.859670578988225
2	3	3	0.0914931602224105
2	3	4	-0.8064293431453848
2	3	5	-1.0085511225005952
2	4	-4	1.386684423934684
2	4	-3	0.4887619205668886
2	4	-2	-0.27941549819892586
2	4	-1	-0.21158905618114066
2	4	0	0.6298819286267558
2	4	1	1.4713529134346524
2	4	2	1.5391793554524376
2	4	3	0.7710019366866231
2	4	4	-0.12692056668117235
2	4	5	-0.3290423460363827
2	5	-4	2.323086520852399
2	5	-3	1.4251640174846036
2	5	-2	0.6569865987187891
2	5	-1	0.7248130407365743
2	5	0	1.5662840255444708
2	5	1	2.4077550103523673
2	5	2	2.4755814523701525
2	5	3	1.707404033604338
2	5	4	0.8094815302365426
2	5	5	0.6073597508813323
3	-4	-4	0.05645151855989891
3	-4	-3	-0.8414709848078965
3	-4	-2	-1.609648403573711
3	-4	-1	-1.5418219615559259
3	-4	0	-0.7003509767480293
3	-4	1	0.1411200080598672
3	-4	2	0.20894645007765242
3	-4	3	-0.559230968688162
3	-4	4	-1.4571534720559576
3	-4	5	-1.6592752514111677
3	-3	-4	0.8979225033677954
3	-3	-3	0.0
3	-3	-2	-0.7681774187658145
3	-3	-1	-0.7003509767480293
3	-3	0	0.1411200080598672
3	-3	1	0.9825909928677637
3	-3	2	1.0504174348855488
3	-3	3	0.2822400161197344
3	-3	4	-0.615682487248061
3	-3	5	-0.8178042666032712
3	-2	-4	1.7393934881756918
3	-2	-3	0.8414709848078965
3	-2	-2	0.07329356604208201
3	-2	-1	0.1411200080598672
3	-2	0	0.9825909928677637
3	-2	1	1.8240619776756601
3	-2	2	1.8918884196934453
3	-2	3	1.123711000927631
3	-2	4	0.22578849755983552
3	-2	5	0.023666718204625264
3	-1	-4	1.807219930193477
3	-1	-3	0.9092974268256817
3	-1	-2	0.1411200080598672
3	-1	-1	0.20894645007765242
3	-1	0	1.0504174348855488
3	-1	1	1.8918884196934453
3	-1	2	1.9597148617112305
3	-1	3	1.191537442945416
3	-1	4	0.29361493957762075
3	-1	5	0.09149316022241047
3	0	-4	1.0390425114276627
3	0	-3	0.1411200080598672
3	0	-2	-0.6270574107059472
3	0	-1	-0.559230968688162
3	0	0	0.2822400161197344
3	0	1	1.123711000927631
3	0	2	1.191537442945416
3	0	3	0.4233600241796016
3	0	4	-0.4745624791881937
3	0	5	-0.676684258543404
3	1	-4	0.1411200080598672
3	1	-3	-0.7568024953079282
3	1	-2	-1.5249799140737428
3	1	-1	-1.4571534720559576
3	1	0	-0.615682487248061
3	1	1	0.22578849755983552
3	1	2	0.29361493957762075
3	1	3	-0.4745624791881937
3	1	4	-1.3724849825559893
3	1	5	-1.5746067619111994
3	2	-4	-0.06100177129534304
3	2	-3	-0.9589242746631385
3	2	-2	-1.727101693428953
3	2	-1	-1.6592752514111677
3	2	0	-0.8178042666032712
3	2	1	0.023666718204625264
3	2	2	0.09149316022241047
3	2	3	-0.676684258543404
3	2	4	-1.5746067619111994
3	2	5	-1.7767285412664098
3	3	-4	0.6185070051688696
3	3	-3	-0.27941549819892586
3	3	-2	-1.0475929169647404
3	3	-1	-0.9797664749469551
3	3	0	-0.13829549013905865
3	3	1	0.7031754946688379
3	3	2	0.7710019366866231
3	3	3	0.002824517920808567
3	3	4	-0.8950979854469868
3	3	5	-1.0972197648021973
3	4	-4	1.5549091020865844
3	4	-3	0.6569865987187891
3	4	-2	-0.11119082004702543
3	4	-1	-0.04336437802924023
3	4	0	0.7981066067786563
3	4	1	1.6395775915865527
3	4	2	1.707404033604338
3	4	3	0.9392266148385235
3	4	4	0.04130411147072807
3	4	5	-0.16081766788448218
3	5	-4	1.887280749991177
3	5	-3	0.9893582466233818
3	5	-2	0.2211808278575673
3	5	-1	0.2890072698753525
3	5	0	1.130478254683249
3	5	1	1.9719492394911453
3	5	2	2.0397756815089307
3	5	3	1.2715982627431162
3	5	4	0.3736757593753208
3	5	5	0.17155398002011055
4	-4	-4	0.0
4	-4	-3	-0.8979225033677954
4	-4	-2	-1.66609992213361
4	-4	-1	-1.5982734801158247
4	-4	0	-0.7568024953079282
4	-4	1	0.0846684894999683
4	-4	2	0.1524949315177535
4	-4	3	-0.615682487248061
4	-4	4	-1.5136049906158564
4	-4	5	-1.7157267699710665
4	-3	-4	0.8414709848078965
4	-3	-3	-0.05645151855989894
4	-3	-2	-0.8246289373257134
4	-3	-1	-0.7568024953079282
4	-3	0	0.0846684894999683
4	-3	1	0.9261394743078648
4	-3	2	0.99396591632565
4	-3	3	0.22578849755983554
4	-3	4	-0.6721340058079599
4	-3	5	-0.8742557851631702
4	-2	-4	0.9092974268256817
4	-2	-3	0.011374923457886266
4	-2	-2	-0.7568024953079282
4	-2	-1	-0.688976053290143
4	-2	0	0.1524949315177535
4	-2	1	0.99396591632565
4	-2	2	1.0617923583434352
4	-2	3	0.29361493957762064
4	-2	4	-0.6043075637901747
4	-2	5	-0.806429343145385
4	-1	-4	0.14112000805986724
4	-1	-3	-0.7568024953079282
4	-1	-2	-1.5249799140737426
4	-1	-1	-1.4571534720559574
4	-1	0	-0.615682487248061
4	-1	1	0.22578849755983554
4	-1	2	0.29361493957762064
4	-1	3	-0.4745624791881938
4	-1	4	-1.372484982555989
4	-1	5	-1.5746067619111994
4	0	-4	-0.7568024953079282
4	0	-3	-1.6547249986757238
4	0	-2	-2.422902417441538
4	0	-1	-2.3550759754237527
4	0	0	-1.5136049906158564
4	0	1	-0.6721340058079599
4	0	2	-0.6043075637901747
4	0	3	-1.372484982555989
4	0	4	-2.2704074859237844
4	0	5	-2.472529265278995
4	1	-4	-0.9589242746631385
4	1	-3	-1.856846778030934
4	1	-2	-2.6250241967967485
4	1	-1	-2.5571977547789633
4	1	0	-1.7157267699710665
4	1	1	-0.8742557851631702
4	1	2	-0.806429343145385
4	1	3	-1.5746067619111994
4	1	4	-2.472529265278995
4	1	5	-2.674651044634205
4	2	-4	-0.27941549819892586
4	2	-3	-1.1773380015667212
4	2	-2	-1.9455154203325358
4	2	-1	-1.8776889783147506
4	2	0	-1.036217993506854
4	2	1	-0.19474700869895756
4	2	2	-0.12692056668117235
4	2	3	-0.8950979854469868
4	2	4	-1.7930204888147823
4	2	5	-1.9951422681699926
4	3	-4	0.6569865987187891
4	3	-3	-0.24093590464900638
4	3	-2	-1.0091133234148209
4	3	-1	-0.9412868813970356
4	3	0	-0.09981589658913914
4	3	1	0.7416550882187574
4	3	2	0.8094815302365426
4	3	3	0.0413041114707281
4	3	4	-0.8566183918970673
4	3	5	-1.0587401712522775
4	4	-4	0.9893582466233817
4	4	-3	0.09143574325558634
4	4	-2	-0.6767416755102281
4	4	-1	-0.6089152334924429
4	4	0	0.23255575131545358
4	4	1	1.07402673612335
4	4	2	1.1418531781411352
4	4	3	0.3736757593753208
4	4	4	-0.5242467439924746
4	4	5	-0.7263685233476849
4	5	-4	0.41211848524175654
4	5	-3	-0.4858040181260388
4	5	-2	-1.2539814368918534
4	5	-1	-1.1861549948740682
4	5	0	-0.3446840100661716
4	5	1	0.49678697474172484
4	5	2	0.56461341675951
4	5	3	-0.20356400200630442
4	5	4	-1.1014865053740999
4	5	5	-1.30360828472931
5	-4	-4	0.6393492054526863
5	-4	-3	-0.2585732979151092
5	-4	-2	-1.0267507166809238
5	-4	-1	-0.9589242746631385
5	-4	0	-0.11745328985524195
5	-4	1	0.7240176949526546
5	-4	2	0.7918441369704398
5	-4	3	0.023666718204625292
5	-4	4	-0.8742557851631702
5	-4	5	-1.0763775645183804
5	-3	-4	0.7071756474704715
5	-3	-3	-0.19074685589732399
5	-3	-2	-0.9589242746631385
5	-3	-1	-0.8910978326453532
5	-3	0	-0.049626847837456745
5	-3	1	0.7918441369704398
5	-3	2	0.859670578988225
5	-3	3	0.09149316022241039
5	-3	4	-0.806429343145385
5	-3	5	-1.0085511225005952
5	-2	-4	-0.06100177129534301
5	-2	-3	-0.9589242746631385
5	-2	-2	-1.727101693428953
5	-2	-1	-1.6592752514111677
5	-2	0	-0.8178042666032712
5	-2	1	0.023666718204625292
5	-2	2	0.09149316022241039
5	-2	3	-0.6766842585434041
5	-2	4	-1.5746067619111994
5	-2	5	-1.7767285412664098
5	-1	-4	-0.9589242746631385
5	-1	-3	-1.856846778030934
5	-1	-2	-2.6250241967967485
5	-1	-1	-2.5571977547789633
5	-1	0	-1.7157267699710665
5	-1	1	-0.8742557851631702
5	-1	2	-0.806429343145385
5	-1	3	-1.5746067619111994
5	-1	4	-2.472529265278995
5	-1	5	-2.674651044634205
5	0	-4	-1.1610460540183487
5	0	-3	-2.058968557386144
5	0	-2	-2.8271459761519586
5	0	-1	-2.7593195341341734
5	0	0	-1.917848549326277
5	0	1	-1.0763775645183804
5	0	2	-1.0085511225005952
5	0	3	-1.7767285412664098
5	0	4	-2.674651044634205
5	0	5	-2.8767728239894153
5	1	-4	-0.4815372775541361
5	1	-3	-1.3794597809219316
5	1	-2	-2.147637199687746
5	1	-1	-2.0798107576699607
5	1	0	-1.2383397728620644
5	1	1	-0.3968687880541678
5	1	2	-0.3290423460363826
5	1	3	-1.097219764802197
5	1	4	-1.9951422681699924
5	1	5	-2.197264047525203
5	2	-4	0.4548648193635788
5	2	-3	-0.44305768400421663
5	2	-2	-1.211235102770031
5	2	-1	-1.1434086607522458
5	2	0	-0.3019376759443494
5	2	1	0.5395333088635471
5	2	2	0.6073597508813323
5	2	3	-0.16081766788448215
5	2	4	-1.0587401712522775
5	2	5	-1.2608619506074878
5	3	-4	0.7872364672681714
5	3	-3	-0.11068603609962391
5	3	-2	-0.8788634548654384
5	3	-1	-0.8110370128476532
5	3	0	0.030433971960243333
5	3	1	0.8719049567681397
5	3	2	0.9397313987859249
5	3	3	0.17155398002011057
5	3	4	-0.7263685233476849
5	3	5	-0.9284903027028951
5	4	-4	0.2099967058865463
5	4	-3	-0.687925797481249
5	4	-2	-1.4561032162470635
5	4	-1	-1.3882767742292783
5	4	0	-0.5468057894213818
5	4	1	0.2946651953865146
5	4	2	0.3624916374042998
5	4	3	-0.4056857813615147
5	4	4	-1.30360828472931
5	4	5	-1.5057300640845201
5	5	-4	-0.74614289024458
5	5	-3	-1.6440653936123755
5	5	-2	-2.41224281237819
5	5	-1	-2.344416370360405
5	5	0	-1.5029453855525081
5	5	1	-0.6614744007446117
5	5	2	-0.5936479587268265
5	5	3	-1.361825377492641
5	5	4	-2.2597478808604365
5	5	5	-2.4618696602156467
